3JL3MWOU
46.83
23.6
29.88
67.73
8.14
85.14
19.89
83.96
37.78
52.53
SI0JVT4E
32.65
35.63
30.17
21.86
59.4
79.56
32.13
31.89
7.24
48.66
X7DXX031
62.99
13.69
54.49
10.23
63.46
33.45
74.58
22.8
85.63
90.16
1G3H9SBL
55.26
32.22
78.48
23.18
52.32
72.71
62.19
30.52
24.91
84.96
E4YAV62H
40.66
53.77
21.65
15.62
80.62
35.12
96.39
62.27
8.72
16.81
GHA73PSK
71.89
18.91
16.62
31.73
86.41
33.89
69.11
20.4
5.02
74.69
LKB98NUC
11.31
97.09
98.34
47.62
97.27
1.18
57.15
7.73
69.55
86.69
QTCF3HV9
18.12
2.35
7.73
22.29
8.75
9.97
92.04
39.62
29.61
29.09
HPE153T1
37.06
13.06
14.84
69.57
19.02
37.1
16.35
47.5
36.77
19.18
E5RQZ58L
4.35
42.54
26.25
50.22
74.4
43.56
55.43
74.03
18.34
80.19
YS5ZRCM1
77.97
89.41
92.73
22.03
98.69
70.28
11.94
94.33
23.72
77.19
JWUB3WO9
41.85
30.24
90.79
75.92
38.39
98.25
83.01
29.51
29.35
60.93
VA0OK1PS
84.83
10.4
70.96
51.12
83.09
75.58
76.1
57.51
47.89
65.19
0J4D5EMV
54.53
18.76
22.03
49.42
51.12
47.65
20.33
92.81
70.88
48.74
V0RKL6SE
25.91
22.01
24.53
59.58
77.33
74.11
51.75
50.33
12.58
76.15
CMRJJS7S
60.56
26.67
45.43
57.41
95.36
68.32
19.2
42.36
38.94
23.86
QR4ZFUB6
94.18
54.43
47.2
58.53
23.41
23.84
8.96
42.11
25.55
90.74
DN8HHJ5E
78.67
90.2
58.63
80.61
35.77
63.57
85.87
12.13
73.79
9.73
J8QDEEYY
24.57
26.52
45.67
71.74
5.38
28.61
73.32
64.62
54.07
82.8
SVL7JGJI
29.2
77.97
54.62
47.77
54.55
71.48
74.81
66
36.92
54.24
MMWOJXPB
65.9
10.39
25.53
21.85
97.48
70.36
68.04
64.82
22.4
32.53
YVH78L62
82.45
7.82
68.57
29.96
99.29
68.41
9.51
75.46
53.9
94.79
RM9KC3NM
50.52
44.34
88.05
42.75
62.29
1.45
36.33
11.61
26.81
64.29
3GGTIDX6
88.76
20.62
75.21
20.29
43.82
14.93
1.74
24.57
74.26
35.02
E045WR5V
60.58
9.26
42.97
22.28
1.1
22.13
10.15
25.41
48.48
86.14
TOOT600G
62.72
99.35
12.85
42.13
4.48
22.31
22.34
82.78
59.56
96.78
YSQ6G8GS
34.79
57.18
38.76
58.11
43.78
62.59
32.62
49.03
86.14
85.11
8KUDQ62U
67.42
84.93
1.95
19.63
34.97
42.01
2.12
66.51
42.4
40.91
7K3IQAG9
91.3
11.67
63.13
40.67
2.32
89.4
8.52
33.83
16.57
22.26
RO1XP4PC
92.59
18.96
65.01
77.48
0.99
4.15
70.5
84.86
78.51
38.51
QA4ZX0ZF
89.51
61.12
39.27
63.37
19.48
77.79
98.15
93.22
7.91
62.47
TM7M61EX
20.94
55.83
41.13
19.4
6.23
23.87
94.05
98.09
56.54
54.37
V4VV7S0X
54.82
98.79
33.21
64.63
92.52
49.2
20.67
24.47
19.39
31.57
MQO2HTDD
71.51
17.26
88.01
4.64
51.4
30.93
72.4
99.75
21.94
24.53
4RXQBD7G
91.25
15.3
26.67
54.1
2.07
37.51
77.83
46.36
72
77.12
UXYDD4C0
10.1
72.41
29.07
24.88
83.69
90.72
28.66
74.64
70.85
70.28
JEBVI4F7
57.86
74.43
74.58
76.34
90.95
4.43
67.82
37.24
68
75.3
JGMGL78A
51.47
94.3
76.9
32.76
63.12
40.27
72.87
79.1
63.31
55.76
J3RODXWS
71.37
74.31
52.48
42.28
22.22
99.1
88.19
63.87
20.95
60.68
6PAJ3WUS
3.02
97.76
29.65
51.66
66.67
17.57
40.72
50.33
63.15
97.64
NYSDRS5A
69.68
41.35
78.36
96.7
26.4
15.8
95.51
96.31
61.76
44.18
MZH4004X
18.6
49.56
12.08
15.84
98.91
83.55
22.7
33.05
54.87
91.85
ZX4JMYWW
16.23
4.7
17.04
8.07
73.04
53.71
65.4
25.99
66.09
46.3
STY335DX
99.55
23.29
16.7
65.66
86.08
30.77
95.95
55.78
16.63
7.17
V42XP4T1
4.34
91.89
2.86
76.77
42.83
53.46
86.43
14.56
52.76
83.12
8RCOQ11G
94.87
8.42
95.46
71.29
82.16
65.73
25.06
71.04
24.41
72.69
UNUG2LFZ
50.41
70.27
30.96
16.21
44.63
95.31
33.61
46.42
29.77
68.89
C5V83CGR
87.6
66.92
17.17
48.46
88.27
24.35
2.59
40.26
65.23
20.33
VTI67HH5
67.28
51.59
73.23
82.98
51.43
91.87
27.83
45.41
83.5
21.1
ECK5VIF0
6.46
25.66
32.12
43.94
56.76
34.06
61.67
86.65
32.89
47.52
1SIPL74K
20.6
40.76
84.79
83.87
95.52
28.7
91.25
47.75
83.03
58.56
ZDVTIU75
63.89
84.8
6.56
4.83
6.16
98.82
97.05
47.99
64.79
52.76
KV26T5IN
68.24
88.2
62.92
9.42
63.18
62.69
35.55
73.23
91.7
54.95
GZCZBJD3
62.68
15.94
8.12
18.47
99.73
27.27
66.8
89.36
87.45
23.47
05HL31GY
1.37
80.07
62.38
25.69
57.21
21.66
19.85
28.04
38.53
57.94
Z8G4WXWT
37.02
14.43
22.61
80.14
79.28
32.4
77.84
76.12
21.44
33.59
FOUAQIG6
93.16
18.77
56.06
28.83
95.88
48.69
77.43
88.09
5.1
78.89
J5JV4FJP
32.77
8.44
60.54
42.07
52.13
88.16
26.57
37.98
52.21
42.27
913NNVCT
43.58
8.26
35.45
34.51
18.68
48.99
93.34
27.99
39.18
68.07
ODHVYN0S
49.42
90.67
68.66
54.61
30.31
82.61
24.77
34.3
29.81
9.27
DSTWZDNR
44.23
31.76
23.69
59.64
25.92
29.33
53.9
80.54
28.75
91.12
YKC8RU4T
6.59
40.62
24.66
79.18
90
85.65
83.31
22.3
10.89
47.64
Y0544IGT
55.36
50.19
49.66
37.03
30.22
42.1
39.78
6.67
12.5
69.53
MBVMBUH5
64.14
92.26
8.92
43.69
98.03
12.58
84.57
75.82
9.34
89.36
E0SLVX05
95.1
13.54
99.23
48.06
62.24
9.56
66.76
89.49
64.61
44.66
OLYCTDB4
99.3
3.22
24.16
82.16
53.91
94.04
82.1
86.66
30.17
83.82
JX67S6Y5
89.55
47.98
68.79
59.23
27.73
14.33
32.45
80.97
81.15
78.18
MAJXRAQD
1.84
8.24
13.71
21.54
52.55
42.57
50.96
2.35
74.79
21.41
DG30CS8B
75.34
50.29
42.06
67.84
70.23
61.68
68.85
26.76
89.79
4.74
A9QSTDAJ
30.48
97.9
46.4
25.52
99.81
47.87
44.75
40.75
21.08
48.66
A1DNYJNI
77.11
85.79
9.09
86.43
43.58
91.8
89.51
3.38
30.37
12.09
CX9VNDOO
43.84
80.5
12.62
9.5
9.23
40.01
6.66
1.7
89
66.05
5V9MKK21
45.48
6.44
91.18
77.16
48.45
3.93
61.84
88.19
21.73
5.43
Z57SQGLI
97.81
10.96
81.26
26.88
44.31
89.55
41.95
55.63
25.01
78.43
9AXZ6DP3
72.17
66.23
96.39
78.45
60.9
49.98
86.03
37.65
17.05
60.55
3UYPSNY7
41.96
43.8
51.75
55.03
3.94
71.41
94.61
31.93
38.74
40.39
UCX8EX8Z
30.71
2.07
81.64
25.69
14.28
33.63
99.24
85.75
65.2
19.68
9MY3M426
98.06
51.03
76.69
11.32
93.88
79.25
10.06
13.49
17.01
98.47
L0VNPYR1
17.91
24.94
71.89
61.19
63.47
54.76
59.2
26.98
23.69
72.89
FGTZWMIM
94.94
10.77
17.64
84.62
48.46
70.85
84.58
71.45
64.92
28.02
H97NSNEL
50.74
1.03
72.45
97.37
62.49
90.92
67.12
41.18
61.16
24.69
B80UPWQ8
62.11
81.87
15.68
40.26
23.24
6.52
30.18
21.21
62.22
59.52
22D21KR6
74.43
73.01
62.8
92.3
24.73
88.04
34.14
92.07
62.86
23.78
V538EJCW
94.67
38.61
48.57
88.98
48.48
17.63
52.5
74.52
98.7
72.55
DLWM6ON8
87.64
18.77
65.82
99.01
11.54
13.82
95.09
77.38
62.13
42.7
VKMR76MS
41.42
64.12
9.97
6.15
53.59
77.73
38.23
80.14
73.38
74.45
ZU74JQU6
57.53
75.05
78.32
38.13
30.02
24.25
34.05
26.69
91.78
6.36
RB2XTGH2
54.02
55.65
22.51
89.67
71.87
56.41
7.94
63.79
81.52
11.66
5EQDAECN
92.94
56.76
30.68
20.91
82.36
31.3
29.39
43.17
36.14
70.76
OEGR8A8Y
79.4
72.35
1.89
25
15.77
13.35
40.45
28.45
69.74
87.29
SKJULINX
79.77
69.15
85.6
56.52
88.68
85.77
42.36
20.3
34.27
97.18
1Z45V0OO
70.54
74.44
98.63
62.47
81.5
1.52
45.11
58.16
55.77
98.72
CTW3PJSU
94.86
90.89
90.55
21.77
26.96
81.67
54.52
97.51
74.66
59.28
STPEJD8R
16.71
79.49
94.06
94.23
31.9
24.54
71.17
74.16
32.24
96.59
DEEJ7XQW
88.94
9.84
9.64
38.96
0.97
5.71
73.73
39.42
43.5
15
13MKJH1Y
68.23
82.29
72.68
71.02
92.44
88.88
78.6
64.57
30.31
7.76
02OOOEIJ
32
44.85
45.64
75
81.22
91.05
80.38
5.15
31.32
57.71
2YB22IOX
30.35
70.95
26.67
59.18
10.54
85.77
81.99
52.34
21.56
22
1N1RVFQP
8.69
15.85
54.77
60.4
91.05
34.42
7.57
23.79
2.54
43.02
D9CW7HLK
45.94
7.35
44.6
25.23
65.34
44.84
64.19
34.65
57.73
9.92
XXXXXXXX
YYYYYYYY
1111111Z
2222222Y
11111111
22222222
3333333
4444444
44444444